MUTE
FF40BF
Decoded NEC: FF40BF (32 bits)
Raw (68): 8950 -4400 600 -500 550 -600 600 -500 600 -500 600 -550 600 -450 650 -500 550 -550 600 -1650 550 -1600 650 -1600 600 -1650 550 -1700 550 -1650 600 -1650 550 -1600 650 -500 550 -1650 600 -500 600 -550 600 -500 600 -500 600 -550 550 -500 650 -1600 600 -500 650 -1600 600 -1600 600 -1650 600 -1650 550 -1600 600 -1650 600 

ST-BY
FF00FF
Decoded NEC: FF00FF (32 bits)
Raw (68): 8900 -4450 550 -550 600 -550 550 -500 600 -550 550 -550 550 -550 600 -500 600 -550 550 -1650 600 -1600 600 -1650 550 -1650 650 -1600 550 -1700 550 -1650 600 -1600 600 -500 650 -500 550 -550 600 -500 600 -550 550 -550 550 -550 600 -550 500 -1650 650 -1600 550 -1650 600 -1650 600 -1650 550 -1650 550 -1650 600 -1600 600 

INPUT SEL
FF20DF
Decoded NEC: FF20DF (32 bits)
Raw (68): 8950 -4350 650 -500 600 -550 550 -500 600 -500 600 -550 550 -550 600 -500 600 -500 600 -1600 650 -1600 600 -1650 600 -1600 600 -1600 650 -1650 550 -1650 550 -1650 600 -500 600 -500 600 -1600 650 -500 600 -500 600 -500 600 -550 600 -500 600 -1650 550 -1600 650 -500 600 -1650 600 -1600 600 -1650 550 -1650 600 -1650 550 

3D
FF609F
Decoded NEC: FF609F (32 bits)
Raw (68): 8950 -4400 600 -500 650 -500 600 -500 600 -500 600 -500 600 -500 650 -500 550 -550 600 -1650 550 -1650 600 -1600 600 -1650 550 -1650 600 -1650 600 -1650 550 -1650 600 -500 550 -1650 600 -1650 600 -500 600 -500 550 -600 550 -500 650 -500 500 -1750 550 -500 550 -600 600 -1650 500 -1700 600 -1650 600 -1600 500 -1700 600 

BASS+
FF50AF
Decoded NEC: FF50AF (32 bits)
Raw (68): 8950 -4400 600 -550 550 -550 550 -550 600 -500 600 -550 550 -550 550 -550 600 -500 600 -1600 600 -1600 650 -1650 550 -1600 650 -1600 600 -1600 600 -1650 600 -1650 550 -550 600 -1600 600 -550 550 -1600 650 -500 600 -550 550 -550 550 -550 600 -1600 600 -550 550 -1650 600 -500 600 -1600 600 -1650 600 -1600 600 -1600 650 

BASS-
FF708F
Decoded NEC: FF708F (32 bits)
Raw (68): 8950 -4400 600 -500 600 -500 600 -550 600 -500 550 -550 600 -500 600 -500 600 -550 550 -1650 600 -1600 650 -1600 600 -1600 600 -1600 650 -1650 550 -1600 650 -1600 600 -500 600 -1650 600 -1600 600 -1650 550 -600 550 -500 600 -500 600 -550 550 -1650 600 -500 600 -550 600 -500 550 -1650 600 -1650 550 -1650 600 -1600 650 

TREBLE+
FF906F
Decoded NEC: FF906F (32 bits)
Raw (68): 8950 -4400 600 -550 550 -550 550 -550 600 -500 600 -500 600 -550 600 -500 600 -500 600 -1600 600 -1650 600 -1600 600 -1600 650 -1600 600 -1600 600 -1650 600 -1650 600 -1600 600 -500 600 -500 600 -1650 600 -500 600 -500 600 -550 600 -500 600 -500 600 -1650 550 -1650 600 -500 600 -1650 600 -1600 600 -1600 600 -1650 600 

TREBLE-
FFB04F
Decoded NEC: FFB04F (32 bits)
Raw (68): 8950 -4400 600 -550 600 -500 550 -550 550 -600 550 -550 550 -550 550 -550 600 -550 500 -1700 600 -1600 550 -1650 600 -1650 600 -1600 600 -1650 550 -1700 550 -1600 600 -1700 500 -600 550 -1650 550 -1650 600 -550 550 -550 550 -550 600 -550 500 -600 550 -1650 550 -550 550 -600 550 -1650 550 -1650 550 -1700 600 -1600 550 

BALANCE-R
FF10EF
Decoded NEC: FF10EF (32 bits)
Raw (68): 9000 -4350 600 -500 600 -550 600 -500 600 -500 550 -600 550 -500 650 -500 550 -550 600 -1650 550 -1650 600 -1600 650 -1600 550 -1650 650 -1600 600 -1650 500 -1700 600 -500 550 -550 600 -500 600 -1650 600 -500 600 -500 550 -600 550 -500 650 -1650 550 -1650 500 -1700 600 -500 550 -1650 650 -1650 550 -1600 600 -1650 600 

BALANCE-L
FF30CF
Decoded NEC: FF30CF (32 bits)
Raw (68): 8900 -4400 600 -550 600 -500 550 -550 550 -550 650 -500 550 -550 550 -550 600 -500 600 -1650 600 -1650 500 -1650 600 -1650 600 -1600 550 -1700 550 -1650 650 -1600 550 -600 550 -500 600 -1600 650 -1600 550 -600 600 -500 550 -550 550 -550 600 -1600 550 -1700 550 -600 550 -500 650 -1600 550 -1650 600 -1600 650 -1600 600 

VOLUME+
FF8877
Decoded NEC: FF8877 (32 bits)
Raw (68): 8950 -4350 650 -500 500 -600 600 -500 600 -500 550 -600 600 -500 600 -500 550 -550 600 -1600 550 -1700 650 -1600 600 -1650 500 -1650 650 -1650 550 -1600 550 -1650 650 -1650 550 -500 650 -500 500 -600 600 -1650 500 -600 600 -500 600 -500 550 -550 600 -1600 550 -1700 650 -1600 600 -500 600 -1650 550 -1650 500 -1700 650 

VOLUME-
FF08F7
Decoded NEC: FF08F7 (32 bits)
Raw (68): 8950 -4400 600 -500 600 -550 550 -500 650 -500 600 -500 600 -550 550 -550 550 -550 600 -1600 600 -1600 650 -1650 550 -1650 550 -1650 600 -1650 550 -1650 550 -1650 600 -550 550 -550 600 -500 600 -500 600 -1650 600 -500 550 -550 600 -500 600 -1650 600 -1650 550 -1650 600 -1600 600 -550 550 -1650 600 -1650 550 -1650 600